3_R5C6_2007_557_1=>[['8_huaheng', [35.2, 66.9, 152.5, 34.0], 0.35693359375], ['5_zangwu', [190.4, 47.2, 7.5, 4.7], 0.319091796875], ['5_zangwu', [40.0, 229.8, 6.9, 7.5], 0.1748046875]]
3_R5C17_6952_5075_1=>[['8_huaheng', [139.8, 143.5, 52.8, 32.0], 0.94482421875], ['8_huaheng', [383.5, 160.6, 50.0, 24.0], 0.91845703125], ['8_huaheng', [84.2, 28.4, 32.1, 19.0], 0.6123046875], ['5_zangwu', [313.5, 132.9, 19.5, 7.8], 0.4599609375], ['12_kuozhantiao_heidian', [108.7, 138.5, 13.4, 8.5], 0.3544921875], ['5_zangwu', [82.1, 27.4, 37.5, 16.8], 0.3076171875], ['5_zangwu', [381.0, 244.0, 14.0, 12.0], 0.262939453125], ['8_huaheng', [306.2, 130.6, 126.0, 80.8], 0.1536865234375]]
3_R7C12_3936_639_1=>[['5_zangwu', [413.2, 70.7, 26.5, 22.2], 0.8984375], ['8_huaheng', [389.2, 61.2, 45.5, 26.8], 0.451416015625], ['8_huaheng', [412.5, 65.0, 26.0, 28.5], 0.1590576171875]]
3_R7C17_2851_412_1=>[['5_zangwu', [81.1, 205.6, 6.0, 6.8], 0.8330078125], ['8_huaheng', [274.2, 195.2, 160.0, 24.0], 0.7470703125], ['5_zangwu', [362.5, 65.7, 9.0, 6.9], 0.513671875], ['12_kuozhantiao_heidian', [297.2, 92.0, 6.5, 5.5], 0.222900390625]]
3_R5C17_5967_4516_1=>[['8_huaheng', [21.1, 91.7, 165.8, 43.0], 0.994140625], ['8_huaheng', [290.0, 191.0, 147.5, 53.2], 0.97265625], ['8_huaheng', [23.4, 144.0, 137.5, 87.0], 0.94970703125], ['8_huaheng', [60.5, 173.2, 109.9, 53.2], 0.85107421875], ['8_huaheng', [26.0, 87.8, 14.9, 10.2], 0.51220703125]]
3_R6C16_6407_2648_1=>[['8_huaheng', [267.5, 187.0, 186.5, 58.5], 0.998046875], ['5_zangwu', [425.2, 174.9, 23.5, 21.5], 0.5712890625]]
3_R10C18_3089_184_1=>[['5_zangwu', [306.2, 239.6, 5.5, 5.8], 0.90478515625], ['12_kuozhantiao_heidian', [123.4, 139.4, 6.6, 7.2], 0.55078125], ['12_kuozhantiao_heidian', [81.8, 140.1, 23.0, 7.0], 0.3681640625], ['5_zangwu', [423.5, 207.8, 13.5, 26.0], 0.27001953125], ['5_zangwu', [427.2, 211.4, 12.0, 30.8], 0.263916015625]]
3_R8C13_7335_6282_1=>[['8_huaheng', [100.6, 127.7, 26.8, 46.3], 0.83349609375]]
3_R5C17_7936_5633_1=>[['8_huaheng', [116.2, 58.1, 73.8, 36.9], 0.9990234375], ['12_kuozhantiao_heidian', [54.4, 50.3, 7.2, 7.9], 0.451416015625], ['5_zangwu', [79.1, 202.4, 8.1, 6.5], 0.225341796875]]
3_R7C17_3833_400_1=>[['5_zangwu', [361.2, 65.2, 10.0, 7.6], 0.35693359375], ['8_huaheng', [14.2, 198.2, 113.2, 23.8], 0.33984375]]
3_R5C17_5964_5085_1=>[['8_huaheng', [344.8, 50.4, 97.5, 40.2], 0.70703125], ['8_huaheng', [289.5, 17.8, 163.5, 76.9], 0.354736328125]]
3_R6C7_7404_1910_1=>[['8_huaheng', [369.8, 19.1, 46.0, 249.0], 0.92431640625], ['8_huaheng', [283.2, 136.6, 46.5, 18.8], 0.4365234375]]
3_R5C17_7940_5064_1=>[['5_zangwu', [367.2, 141.0, 8.5, 8.0], 0.8466796875], ['12_kuozhantiao_heidian', [82.5, 50.5, 7.0, 7.4], 0.73876953125], ['12_kuozhantiao_heidian', [95.4, 229.8, 7.5, 5.0], 0.6923828125], ['5_zangwu', [87.9, 226.2, 7.5, 4.0], 0.55615234375], ['2_duojiao', [33.0, 157.9, 17.2, 22.5], 0.52099609375]]
3_R5C17_3984_3967_1=>[['8_huaheng', [121.9, 31.2, 65.8, 23.5], 0.970703125], ['12_kuozhantiao_heidian', [176.8, 140.0, 8.5, 5.5], 0.931640625], ['8_huaheng', [272.2, 82.8, 129.5, 68.4], 0.86865234375], ['8_huaheng', [416.5, 226.6, 22.5, 19.8], 0.7490234375], ['8_huaheng', [331.0, 102.6, 122.5, 53.2], 0.30078125], ['12_kuozhantiao_heidian', [172.0, 51.6, 11.2, 4.9], 0.188232421875]]
3_R5C6_1011_1695_1=>[['5_zangwu', [282.2, 201.0, 8.0, 7.0], 0.93359375], ['3_benjiao_benbian', [21.8, 18.9, 15.1, 11.8], 0.67626953125], ['3_benjiao_benbian', [95.6, 254.4, 13.9, 9.5], 0.59765625], ['5_zangwu', [177.1, 224.8, 8.0, 4.5], 0.55810546875], ['8_huaheng', [354.2, 222.2, 69.5, 21.5], 0.292236328125], ['8_huaheng', [408.8, 238.6, 25.5, 8.2], 0.29052734375], ['10_yuandian_fahei', [269.0, 222.0, 13.0, 14.0], 0.28564453125], ['8_huaheng', [157.5, 233.6, 45.5, 19.0], 0.2042236328125], ['8_huaheng', [299.0, 210.0, 138.0, 40.2], 0.1748046875], ['8_huaheng', [137.4, 226.0, 61.0, 13.8], 0.157470703125]]
3_R8C11_7340_1688_1=>[['7_gelicao_zangwu', [226.4, 114.7, 7.0, 7.5], 0.89990234375], ['8_huaheng', [352.8, 30.7, 79.5, 37.3], 0.70751953125]]
3_R5C6_2004_2268_1=>[['8_huaheng', [275.5, 64.4, 51.5, 23.1], 0.955078125], ['5_zangwu', [162.1, 73.5, 7.5, 8.0], 0.9423828125], ['12_kuozhantiao_heidian', [127.4, 50.4, 8.7, 6.3], 0.708984375], ['12_kuozhantiao_heidian', [182.6, 50.3, 7.0, 6.8], 0.55810546875], ['5_zangwu', [41.5, 54.3, 7.0, 5.2], 0.4990234375], ['7_gelicao_zangwu', [258.0, 227.0, 9.5, 4.8], 0.305908203125], ['12_kuozhantiao_heidian', [42.8, 48.8, 19.7, 7.3], 0.279541015625], ['5_zangwu', [106.9, 47.0, 7.9, 4.4], 0.1922607421875], ['5_zangwu', [52.2, 49.2, 11.6, 5.1], 0.150146484375]]
3_R11C15_7666_1673_1=>[['8_huaheng', [345.8, 40.2, 89.5, 34.2], 0.95068359375], ['5_zangwu', [408.0, 107.8, 11.0, 7.1], 0.478515625]]
3_R5C8_3993_813_1=>[]
3_R11C15_6633_6178_1=>[['5_zangwu', [142.9, 33.7, 19.5, 17.1], 0.8525390625]]
3_R5C8_6_1928_1=>[['8_huaheng', [278.0, 83.7, 131.0, 147.0], 0.986328125], ['5_zangwu', [332.0, 152.1, 6.5, 9.8], 0.96044921875], ['5_zangwu', [144.4, 222.2, 19.8, 7.5], 0.94677734375], ['5_zangwu', [45.8, 45.6, 23.2, 5.6], 0.8330078125], ['5_zangwu', [63.7, 222.2, 30.2, 6.8], 0.76806640625], ['5_zangwu', [109.9, 194.2, 8.0, 7.0], 0.658203125], ['5_zangwu', [401.8, 203.2, 4.5, 7.0], 0.65673828125], ['2_duojiao', [288.5, 61.0, 22.5, 18.5], 0.276123046875]]
3_R5C6_2005_5120_1=>[['8_huaheng', [279.5, 57.3, 92.0, 38.5], 0.931640625], ['7_gelicao_zangwu', [259.8, 147.9, 7.5, 5.8], 0.88671875], ['5_zangwu', [39.1, 137.0, 6.4, 8.5], 0.70751953125], ['7_gelicao_zangwu', [252.8, 233.8, 14.1, 9.0], 0.5947265625], ['5_zangwu', [269.8, 217.2, 8.5, 8.2], 0.53857421875], ['7_gelicao_zangwu', [255.0, 223.0, 12.5, 5.2], 0.48095703125], ['12_kuozhantiao_heidian', [158.8, 228.4, 6.0, 6.5], 0.36962890625], ['12_kuozhantiao_heidian', [39.1, 137.0, 6.4, 8.5], 0.283935546875], ['7_gelicao_zangwu', [258.0, 137.4, 9.5, 4.0], 0.177734375]]
3_R5C17_4975_4526_1=>[['8_huaheng', [329.8, 35.2, 114.0, 42.3], 0.9150390625], ['12_kuozhantiao_heidian', [169.2, 50.2, 10.2, 6.4], 0.60986328125]]
3_R7C17_882_1000_1=>[['12_kuozhantiao_heidian', [160.6, 53.8, 8.8, 5.5], 0.62451171875], ['8_huaheng', [247.0, 110.4, 194.0, 29.1], 0.51318359375], ['5_zangwu', [411.2, 99.0, 17.5, 8.1], 0.1778564453125]]
3_R10C18_3067_4672_1=>[['8_huaheng', [276.5, 29.7, 14.0, 16.0], 0.52490234375], ['12_kuozhantiao_heidian', [173.1, 228.4, 6.2, 6.0], 0.47509765625], ['12_kuozhantiao_heidian', [68.1, 229.2, 9.0, 6.5], 0.454833984375], ['12_kuozhantiao_heidian', [86.6, 229.2, 7.0, 6.2], 0.330322265625], ['5_zangwu', [276.5, 29.7, 14.0, 16.0], 0.1578369140625]]
3_R5C17_4974_5095_1=>[]