3_R5C6_2007_557_1=>[['5_zangwu', [370.1302, 89.974, 13.5917, 8.1243], 0.56298828125], ['5_zangwu', [79.0016, 443.0797, 12.4995, 12.6109], 0.27392578125], ['5_zangwu', [166.1339, 161.0317, 45.3865, 21.3415], 0.260986328125], ['5_zangwu', [131.7906, 168.3072, 12.8635, 13.581], 0.2027587890625]]
3_R5C17_6952_5075_1=>[['8_huaheng', [272.076, 275.985, 100.4813, 58.6893], 0.9677734375], ['8_huaheng', [741.2312, 307.9974, 99.025, 44.1382], 0.9111328125], ['8_huaheng', [161.8865, 48.6248, 71.599, 36.1351], 0.85302734375], ['5_zangwu', [609.1979, 253.9159, 36.8917, 15.0361], 0.53173828125], ['5_zangwu', [740.7458, 468.059, 26.2125, 23.2817], 0.521484375], ['12_kuozhantiao_heidian', [211.1562, 265.0717, 26.2125, 16.0062], 0.39599609375], ['8_huaheng', [586.8688, 250.7632, 255.3292, 148.9058], 0.1707763671875]]
3_R7C12_3936_639_1=>[['5_zangwu', [801.4229, 133.3847, 53.3958, 44.6232], 0.837890625], ['8_huaheng', [754.3375, 116.5297, 89.3167, 51.4137], 0.48046875], ['5_zangwu', [743.6583, 103.07, 16.5042, 13.581], 0.204833984375], ['8_huaheng', [800.4521, 121.6226, 51.4542, 57.2342], 0.18115234375]]
3_R7C17_2851_412_1=>[['8_huaheng', [533.9583, 372.9921, 307.7542, 47.0484], 0.7822265625], ['5_zangwu', [157.275, 393.121, 11.65, 12.1259], 0.63427734375], ['5_zangwu', [704.3396, 125.2603, 17.475, 13.581], 0.346435546875], ['12_kuozhantiao_heidian', [358.2375, 440.897, 12.6208, 13.096], 0.18994140625], ['12_kuozhantiao_heidian', [577.1604, 175.9465, 12.6208, 10.6708], 0.1820068359375]]
3_R5C17_5967_4516_1=>[['8_huaheng', [40.6536, 175.3402, 323.4089, 83.9111], 0.9931640625], ['8_huaheng', [563.5688, 364.504, 279.6, 102.3424], 0.966796875], ['8_huaheng', [45.0224, 275.5, 268.0714, 164.4269], 0.96435546875], ['8_huaheng', [115.8326, 332.9767, 215.707, 101.8574], 0.806640625], ['8_huaheng', [51.1204, 168.5497, 27.6384, 18.1888], 0.310302734375], ['12_kuozhantiao_heidian', [317.9479, 268.7095, 17.9604, 10.6708], 0.1552734375]]
3_R6C16_6407_2648_1=>[['8_huaheng', [513.5708, 356.9859, 371.8292, 113.0132], 0.998046875], ['5_zangwu', [824.7229, 334.6743, 47.5708, 41.713], 0.45947265625]]
3_R10C18_3089_184_1=>[['5_zangwu', [594.15, 458.3583, 11.65, 11.1558], 0.93603515625], ['12_kuozhantiao_heidian', [239.6745, 266.7694, 12.7422, 13.581], 0.58154296875], ['12_kuozhantiao_heidian', [159.0953, 267.7394, 43.6875, 13.581], 0.3671875], ['5_zangwu', [819.8688, 397.2438, 20.3875, 28.132], 0.334228515625], ['5_zangwu', [829.5771, 407.6721, 23.3, 56.2641], 0.181396484375]]
3_R8C13_7335_6282_1=>[['8_huaheng', [195.7443, 243.4877, 50.726, 89.2465], 0.8447265625]]
3_R5C17_7936_5633_1=>[['8_huaheng', [226.6896, 111.3156, 137.3729, 67.9049], 0.998046875], ['12_kuozhantiao_heidian', [104.7286, 96.037, 13.9557, 14.7936], 0.304931640625], ['8_huaheng', [546.5792, 118.7124, 119.4125, 40.5004], 0.2149658203125], ['5_zangwu', [648.0312, 152.4223, 18.4458, 14.3085], 0.1593017578125]]
3_R7C17_3833_400_1=>[['5_zangwu', [699.9708, 121.5013, 23.3, 19.8864], 0.38623046875], ['8_huaheng', [33.6151, 378.8125, 207.2729, 44.6232], 0.2568359375]]
3_R5C17_5964_5085_1=>[['8_huaheng', [669.3896, 96.4007, 187.3708, 76.1505], 0.80322265625], ['8_huaheng', [565.025, 27.8895, 312.6083, 155.9388], 0.247802734375]]
3_R6C7_7404_1910_1=>[['8_huaheng', [715.5042, 50.4437, 93.2, 449.1426], 0.8701171875], ['8_huaheng', [544.6375, 262.1615, 83.4917, 35.8926], 0.471435546875]]
3_R5C17_7940_5064_1=>[['5_zangwu', [713.5625, 269.6796, 15.5333, 15.5211], 0.84814453125], ['12_kuozhantiao_heidian', [160.0661, 96.522, 13.349, 14.066], 0.712890625], ['5_zangwu', [170.1385, 432.6514, 14.3198, 7.7606], 0.70654296875], ['2_duojiao', [62.4974, 298.2967, 36.0422, 42.6831], 0.48583984375], ['12_kuozhantiao_heidian', [184.4583, 438.7143, 14.5625, 9.7007], 0.432373046875], ['5_zangwu', [224.5052, 452.0528, 36.649, 15.5211], 0.2039794921875]]
3_R5C17_3984_3967_1=>[['8_huaheng', [232.5146, 56.7491, 131.5479, 49.2311], 0.97900390625], ['12_kuozhantiao_heidian', [343.1896, 267.4969, 16.5042, 10.6708], 0.92578125], ['8_huaheng', [529.5896, 160.5467, 250.475, 125.3816], 0.78466796875], ['8_huaheng', [809.1896, 433.6215, 43.6875, 37.8327], 0.67333984375], ['8_huaheng', [644.6333, 197.7731, 234.9417, 99.0684], 0.44287109375], ['12_kuozhantiao_heidian', [334.9375, 98.8866, 18.9312, 8.8519], 0.22314453125], ['5_zangwu', [337.3646, 249.3081, 12.6208, 11.1558], 0.17822265625]]
3_R5C6_1011_1695_1=>[['5_zangwu', [547.55, 384.6329, 15.5333, 12.6109], 0.95947265625], ['3_benjiao_benbian', [41.0784, 35.4076, 30.7026, 20.0077], 0.70458984375], ['3_benjiao_benbian', [184.5797, 486.4903, 28.1542, 17.4613], 0.50439453125], ['5_zangwu', [341.7333, 429.4987, 16.5042, 9.7007], 0.39453125], ['8_huaheng', [581.0438, 404.0343, 263.0958, 72.2702], 0.302978515625], ['10_yuandian_fahei', [519.3958, 422.4657, 26.2125, 28.132], 0.294921875], ['8_huaheng', [688.3208, 424.8908, 135.9167, 39.2879], 0.25146484375], ['8_huaheng', [797.5396, 456.1756, 43.6875, 15.0361], 0.249267578125]]
3_R8C11_7340_1688_1=>[['7_gelicao_zangwu', [439.7875, 219.721, 13.5917, 13.8235], 0.9013671875], ['8_huaheng', [682.9812, 54.9909, 162.1292, 75.2411], 0.81982421875], ['8_huaheng', [671.8167, 57.9617, 136.8875, 43.2894], 0.2027587890625]]
3_R5C6_2004_2268_1=>[['8_huaheng', [534.4438, 124.169, 99.025, 42.4406], 0.9658203125], ['5_zangwu', [80.2758, 102.2818, 13.5917, 10.6708], 0.86181640625], ['5_zangwu', [314.3073, 140.6602, 15.0479, 15.2786], 0.75537109375], ['12_kuozhantiao_heidian', [246.713, 95.7945, 16.8682, 12.3684], 0.71240234375], ['12_kuozhantiao_heidian', [354.5969, 95.9763, 13.1062, 13.3385], 0.50341796875], ['7_gelicao_zangwu', [500.4646, 433.379, 19.4167, 10.1857], 0.32958984375], ['5_zangwu', [206.5448, 90.8835, 16.7469, 7.8818], 0.3134765625], ['5_zangwu', [82.6422, 92.2173, 39.8042, 13.2172], 0.27978515625], ['12_kuozhantiao_heidian', [82.6422, 92.2173, 39.8042, 13.2172], 0.193359375]]
3_R11C15_7666_1673_1=>[['8_huaheng', [678.1271, 72.149, 162.1292, 75.3017], 0.9140625], ['5_zangwu', [792.2, 205.8974, 21.3583, 13.8235], 0.314697265625]]
3_R5C8_3993_813_1=>[]
3_R11C15_6633_6178_1=>[['5_zangwu', [278.6292, 62.9939, 36.4062, 33.8312], 0.8994140625]]
3_R5C8_6_1928_1=>[['8_huaheng', [543.1812, 162.3655, 250.475, 277.5614], 0.98828125], ['5_zangwu', [644.6333, 291.0211, 12.6208, 18.9164], 0.96337890625], ['5_zangwu', [89.3773, 86.5182, 43.8695, 11.6408], 0.94482421875], ['5_zangwu', [282.0271, 425.3759, 34.95, 14.066], 0.83447265625], ['5_zangwu', [780.0646, 388.7557, 8.7375, 13.096], 0.7861328125], ['5_zangwu', [131.912, 425.8609, 51.2115, 13.581], 0.66259765625], ['5_zangwu', [214.1901, 372.507, 14.3198, 12.1259], 0.6005859375]]
3_R5C6_2005_5120_1=>[['8_huaheng', [543.6667, 105.2526, 172.8083, 77.6056], 0.8974609375], ['7_gelicao_zangwu', [504.8333, 282.533, 13.5917, 11.1558], 0.8828125], ['7_gelicao_zangwu', [492.4552, 450.5977, 22.0865, 11.6408], 0.8701171875], ['5_zangwu', [523.7646, 415.6752, 18.4458, 13.581], 0.72412109375], ['5_zangwu', [75.907, 262.1615, 12.6208, 16.4912], 0.72119140625], ['12_kuozhantiao_heidian', [308.2396, 437.2592, 11.65, 12.1259], 0.6455078125], ['7_gelicao_zangwu', [495.3677, 427.8011, 24.999, 8.7306], 0.5439453125], ['12_kuozhantiao_heidian', [75.907, 262.1615, 12.6208, 16.4912], 0.286376953125], ['7_gelicao_zangwu', [500.95, 262.6466, 18.4458, 7.7606], 0.19482421875]]
3_R5C17_4975_4526_1=>[['8_huaheng', [638.8083, 67.0561, 223.2917, 81.0009], 0.90380859375], ['12_kuozhantiao_heidian', [327.899, 95.9763, 21.3583, 12.6109], 0.334228515625]]
3_R7C17_882_1000_1=>[['12_kuozhantiao_heidian', [312.6083, 102.8275, 16.5042, 10.792], 0.63134765625], ['8_huaheng', [483.7177, 210.384, 371.5865, 56.1428], 0.56494140625]]
3_R10C18_3067_4672_1=>[['12_kuozhantiao_heidian', [132.6401, 437.2592, 16.9896, 13.096], 0.79638671875], ['12_kuozhantiao_heidian', [167.226, 437.5018, 15.0479, 12.6109], 0.76318359375], ['12_kuozhantiao_heidian', [333.4812, 436.7742, 14.5625, 11.1558], 0.71728515625], ['8_huaheng', [530.075, 54.7483, 41.7458, 43.6532], 0.431640625]]
3_R5C17_4974_5095_1=>[]